50 50 0
4 22 19 29 63
12 6 24 21 56
8 9 13 33 84
35 20 38 37 100
23 8 29 43 95
31 28 46 39 68
18 34 26 43 53
0 16 2 25 59
17 8 19 20 26
1 27 30 49 29
3 17 10 33 46
14 9 19 42 54
28 10 46 24 92
37 16 47 33 39
13 13 32 32 94
44 41 48 42 86
25 29 35 49 69
0 27 14 34 66
8 1 16 6 55
22 30 45 44 29
9 38 45 48 86
20 28 43 29 17
17 15 46 27 40
6 7 43 13 75
7 36 31 45 16
15 45 19 49 62
10 12 36 48 33
27 4 36 29 84
36 46 36 47 57
25 17 42 47 42
9 14 19 44 34
18 20 47 30 19
26 12 45 16 67
8 18 27 44 74
13 1 30 19 52
21 1 45 36 55
32 35 41 42 21
28 21 37 32 13
10 38 37 42 14
20 31 45 44 71
23 24 25 43 44
18 13 31 24 55
21 25 23 36 15
14 17 23 23 12
47 31 49 38 34
33 1 35 37 4
34 13 47 44 40
38 12 49 49 3
34 2 47 11 51
13 7 31 17 58
10 28 35 32 25
0 33 5 41 29
3 15 43 21 29
15 8 22 40 31
29 6 47 25 98
16 2 33 17 17
36 9 41 26 51
23 15 40 40 10
14 36 39 39 56
8 15 33 23 68
29 21 31 40 55
40 35 45 44 90
1 20 22 46 97
5 5 6 32 33
0 0 49 49 7
28 6 46 44 39
5 1 39 29 70
1 0 28 12 42
25 37 41 43 20
2 13 32 22 34
38 29 43 47 86
25 24 28 29 65
12 12 21 15 11
17 9 41 29 14
33 31 37 49 10
12 18 43 40 84
30 40 33 46 20
19 1 46 18 50
7 8 17 40 93
8 17 21 48 62
36 7 45 15 1
7 4 23 19 80
1 3 26 15 59
4 27 31 48 24
9 37 42 48 97
25 11 27 45 75
25 15 33 34 41
7 19 40 31 16
4 8 15 49 75
7 3 13 21 20
0 0 49 49 50
5 27 48 47 38
7 18 28 43 66
10 18 31 34 29
40 19 48 21 5
0 13 36 35 34
13 9 21 9 63
5 36 15 37 22
11 15 46 39 14
19 8 33 26 18
10 10 28 27 79
10 1 17 21 46
3 17 11 30 59
16 22 47 33 18
9 43 15 48 33
27 10 49 38 39
38 14 40 49 55
17 10 31 34 88
0 21 47 25 19
5 24 13 28 46
6 4 47 47 53
25 36 31 37 88
18 18 24 44 92
17 23 19 23 85
16 28 43 43 25
39 16 48 26 71
40 6 41 9 88
28 0 30 30 68
0 0 49 49 47
19 2 31 40 93
28 10 38 44 42
18 6 20 37 89
20 13 47 31 18
12 41 22 47 51
22 13 34 42 45
34 11 35 16 56
0 17 1 18 99
6 13 32 35 74
4 8 14 19 25
4 22 7 35 0
6 28 41 39 51
21 11 48 12 58
35 13 45 23 52
40 8 46 26 17
29 31 43 48 85
12 1 29 8 85
17 20 47 38 84
17 14 36 26 62
9 11 11 38 75
22 0 25 18 28
19 8 48 17 6
44 14 44 30 40
26 29 37 37 75
34 8 36 31 96
0 13 33 31 35
0 18 39 47 2
5 39 18 47 56
42 47 44 49 49
25 10 27 34 81
13 1 26 45 15
4 10 19 37 92
34 4 44 7 18
12 32 37 37 42
5 9 29 45 35
9 18 34 28 61
25 22 29 25 65
25 29 30 44 54
36 4 47 37 55
14 2 22 27 33
21 19 31 27 27
9 12 30 13 71
22 3 31 38 98
5 22 10 28 27
25 25 40 44 60
32 5 40 12 79
20 25 40 31 43
3 9 34 40 2
18 3 22 19 36
5 24 14 29 77
0 10 13 41 15
23 9 23 31 28
1 0 19 21 18
19 29 36 30 79
6 1 16 44 33
0 34 17 39 25
22 0 41 1 32
4 1 28 41 41
11 12 27 31 26
21 17 47 40 2
15 18 36 44 3
0 9 28 15 22
17 17 37 20 85
2 11 49 16 39
15 33 30 45 83
14 14 29 18 23
3 4 48 24 73
19 5 28 13 13
1 11 19 45 24
16 8 37 40 89
17 3 41 40 4
17 19 30 42 76
5 3 7 24 35
20 48 32 49 76
19 17 38 42 50
1 27 35 34 85
18 15 46 18 67
5 36 44 41 100
12 9 29 38 0
43 25 46 37 31
21 3 23 10 48
43 6 48 14 30
5 27 13 37 88
26 32 48 38 42
15 32 31 47 6
5 15 41 29 73
36 28 47 42 12
2 36 33 42 54
36 1 43 31 49
11 22 36 31 64
9 5 49 18 96
18 0 34 28 44
20 27 49 33 37
12 34 40 48 58
15 0 22 48 44
1 24 33 30 87
27 3 41 43 67
35 2 43 19 35
13 18 18 44 77
26 1 29 12 62
1 8 34 18 25
45 16 48 41 78
5 14 13 36 79
19 5 47 5 16
16 16 23 18 6
33 28 39 35 1
3 29 31 49 64
4 0 41 30 76
27 32 43 35 6
6 27 7 35 17
31 9 32 12 70
5 22 10 31 15
2 17 8 28 45
34 35 35 38 23
43 18 49 26 94
20 1 36 32 11
46 13 47 37 25
1 35 5 39 78
26 17 41 20 35
25 4 41 43 81
7 18 38 31 55
14 28 36 48 11
20 0 41 40 88
8 4 9 32 19
10 3 15 5 75
12 29 37 41 49
11 42 31 43 14
0 7 12 38 12
7 16 47 33 32
11 2 12 15 18
12 7 24 29 41
17 38 38 41 99
11 22 46 41 86
16 33 48 33 47
23 5 40 20 12
44 3 45 9 43
21 1 28 36 79
8 5 9 49 49
0 12 42 12 36
5 7 22 30 68
5 11 40 17 9
38 15 45 28 75
9 13 26 37 55
0 15 46 28 99
4 16 12 31 56
5 24 23 45 4
5 40 41 48 98
0 5 20 47 47
0 2 30 18 81
21 1 36 26 0
39 2 46 25 17
7 5 34 21 10
16 13 31 49 96
27 27 48 37 56
4 2 17 7 16
1 25 42 46 99
28 31 48 35 51
3 22 41 25 18
4 19 25 34 95
1 24 17 46 18
0 10 17 20 55
0 0 49 49 48
9 16 43 26 34
19 42 33 48 84
4 0 4 8 9
26 2 32 37 18
1 19 40 47 99
16 12 25 45 88
20 27 46 39 38
0 16 33 20 86
0 0 49 49 60
16 19 38 38 62
6 2 35 11 98
0 14 3 19 88
32 5 46 43 28
11 13 24 44 76
39 13 43 34 43
28 1 49 1 15
11 2 32 32 24
27 31 30 48 96
33 4 43 9 71
4 9 11 29 75
18 18 19 20 66
3 23 37 48 58
7 10 16 12 70
23 6 33 32 50
33 14 42 20 95
5 15 12 40 16
34 6 47 21 37
2 10 12 10 58
19 33 31 41 50
4 7 4 26 39
6 1 15 16 73
23 3 25 17 93
20 11 42 48 11
0 5 22 17 65
4 2 23 5 3
6 44 20 49 57
29 22 41 38 82
30 8 38 11 40
37 5 46 7 84
16 9 48 35 53
21 6 42 48 4
6 22 40 23 70
14 45 42 48 17
17 27 27 42 22
15 4 37 21 29
36 27 43 43 42
2 33 23 41 50
6 17 9 38 2
4 34 11 47 70
31 7 41 26 98
14 0 31 11 60
33 18 47 47 7
10 13 44 15 36
15 30 37 45 63
18 11 43 25 61
17 4 41 25 28
4 16 28 19 0
5 20 27 44 66
37 8 49 11 13
13 8 16 10 44
4 0 11 16 81
19 9 42 22 43
5 11 32 36 68
4 13 15 44 45
2 14 38 25 73
33 0 41 11 0
38 19 44 31 46
13 6 40 36 56
8 12 40 22 28
44 32 48 46 1
40 14 46 19 89
17 33 34 48 23
15 19 48 43 14
16 30 26 40 42
3 16 19 29 39
22 32 23 48 64
0 6 31 41 28
25 39 28 49 87
27 11 41 13 38
24 15 40 24 34
5 12 36 16 11
8 31 27 49 1
17 11 19 22 94
33 1 47 41 64
12 23 35 29 91
23 15 28 35 81
1 0 20 38 45
6 22 17 44 67
3 15 41 17 92
17 6 45 30 26
6 12 48 23 57
21 0 23 26 54
25 21 27 36 8
22 1 23 8 32
32 5 39 24 69
38 12 49 18 80
16 12 30 37 95
15 1 22 38 43
35 37 46 48 84
16 11 17 43 69
8 4 15 42 39
13 45 30 48 74
14 17 25 49 86
15 5 34 48 35
3 13 17 14 11
9 26 32 43 42
9 15 12 25 57
3 12 21 43 58
18 17 47 35 61
40 29 41 40 54
31 1 36 43 65
6 17 28 46 62
19 3 30 22 9
13 17 36 41 39
34 3 34 13 38
16 8 45 18 64
2 23 16 47 26
6 8 18 29 10
5 7 47 40 98
33 21 46 34 51
5 27 17 29 4
21 10 45 49 82
5 5 16 24 18
15 37 40 47 45
11 27 46 39 76
2 2 44 35 59
33 29 34 29 97
7 37 8 42 70
31 36 32 38 71
16 17 42 32 57
42 27 48 47 55
36 32 46 36 46
19 25 46 29 32
14 3 29 40 93
22 23 44 32 14
17 0 36 2 64
3 40 38 42 91
3 38 47 42 23
2 4 6 15 81
2 23 38 24 35
18 26 19 46 48
2 9 43 38 21
35 15 39 15 3
16 13 32 26 99
23 44 32 45 57
45 4 48 6 47
13 10 29 23 84
2 8 38 16 56
39 25 41 32 16
2 31 43 46 9
19 10 40 42 9
38 3 49 34 53
40 8 41 35 47
24 6 31 36 71
1 11 24 12 63
21 24 38 47 66
3 34 36 38 46
27 4 38 31 79
39 0 41 21 97
28 0 43 16 3
22 1 30 4 30
36 19 39 33 86
44 8 45 45 38
0 2 18 48 53
7 22 38 34 38
25 19 47 26 22
10 21 32 26 63
2 9 2 29 74
10 9 13 49 78
7 8 26 22 85
20 1 37 41 51
38 9 48 37 39
15 26 36 38 29
14 12 36 44 87
13 20 24 46 45
0 12 18 26 13
26 6 36 35 25
27 26 43 42 23
19 2 26 27 3
1 24 24 25 97
18 21 45 25 49
0 28 9 36 53
19 15 31 35 56
23 0 47 8 88
6 4 41 49 85
6 34 31 45 42
26 8 31 35 69
12 39 23 39 77
1 29 43 35 21
22 27 46 30 33
4 17 27 44 21
21 19 32 40 55
18 22 33 31 65
0 6 34 31 27
7 8 24 8 77
17 2 37 31 32
17 36 21 42 68
10 14 43 43 40
16 6 43 25 39
21 27 29 38 34
31 30 35 45 12
15 1 41 15 21
4 24 44 28 38
8 21 20 41 10
5 20 38 41 59
7 15 48 42 25
21 9 34 9 78
14 14 39 24 19
20 14 20 32 52
11 9 19 38 91
11 21 17 23 13
8 42 48 45 25
30 21 31 34 78
15 2 48 11 84
0 0 0 0 77
0 49 0 49 52
49 0 49 0 83
49 49 49 49 88
12 12 12 12 91
