50 50 1
10 35 31 24 31
26 49 35 28 43
25 42 45 27 96
4 37 41 34 56
21 25 23 4 95
9 21 15 15 39
18 3 45 2 13
14 16 21 16 73
6 37 42 5 2
21 45 38 12 74
10 35 26 32 46
39 19 47 17 7
1 26 14 19 48
14 15 25 9 64
30 37 44 12 22
11 48 14 22 44
25 32 43 24 44
37 39 48 31 85
14 16 26 3 96
10 46 21 34 46
4 39 8 18 31
13 25 19 12 13
7 33 46 16 90
5 41 15 27 72
7 42 36 26 100
3 21 5 9 91
0 44 7 40 74
4 39 28 20 23
17 15 48 7 42
29 33 30 2 52
6 28 40 25 50
25 44 32 40 2
40 36 42 26 100
4 19 35 11 98
26 35 36 19 32
30 21 31 17 12
10 34 20 4 16
30 41 40 33 30
2 21 15 3 73
17 45 36 41 88
0 49 49 0 22
11 35 26 31 20
24 35 30 22 99
31 47 33 11 91
2 44 15 12 44
33 11 37 5 17
13 29 26 13 76
0 48 46 40 82
36 28 47 13 18
6 18 39 5 67
8 33 42 16 47
23 37 38 4 24
14 19 38 7 20
10 20 30 10 96
8 39 39 28 100
11 19 32 11 26
12 16 12 2 48
21 35 41 29 48
22 40 35 18 93
9 29 29 13 81
0 34 8 1 42
16 44 19 3 88
19 36 39 34 58
14 34 35 8 90
10 17 33 0 84
4 38 35 16 99
42 44 45 31 7
3 37 18 20 35
0 30 16 14 21
24 46 44 19 11
3 37 8 17 36
25 6 40 1 4
4 34 14 33 98
35 19 37 11 16
38 47 45 3 87
8 37 34 4 26
44 48 45 20 39
9 40 12 36 73
23 49 48 28 11
14 30 38 2 54
11 43 45 26 90
3 19 47 18 66
14 35 16 24 49
2 38 36 17 88
32 16 47 6 21
7 29 23 24 70
1 31 25 29 65
8 34 26 7 7
6 32 22 13 8
35 29 38 0 59
4 47 38 20 88
9 17 20 16 47
13 28 27 11 37
23 43 41 34 55
1 39 49 20 13
0 49 49 0 36
13 33 18 6 45
33 24 48 23 63
21 33 32 13 39
0 49 49 0 82
17 15 47 1 41
15 39 36 7 50
6 34 40 17 59
32 38 36 15 0
12 44 49 34 27
27 45 30 23 83
24 26 33 10 99
17 30 48 24 77
8 22 10 14 20
8 36 18 2 18
8 28 18 2 97
7 42 7 36 71
18 30 41 4 28
8 36 39 3 65
10 18 17 1 84
11 22 30 12 79
9 46 49 17 41
21 5 30 4 74
2 46 12 37 79
29 49 47 11 100
33 37 45 10 66
21 49 26 39 30
0 34 44 21 29
25 28 25 25 30
34 14 38 3 39
2 49 14 7 23
4 18 44 6 82
20 39 39 10 97
11 46 19 13 47
0 31 32 30 57
3 48 21 41 5
21 23 45 7 88
12 44 40 19 29
41 24 49 18 52
3 41 19 17 73
4 36 21 18 59
33 16 49 11 71
5 42 5 28 45
13 34 43 18 94
7 46 45 34 99
3 49 38 16 71
9 23 14 0 96
8 45 26 4 85
9 13 48 3 74
5 25 48 0 40
8 23 27 17 44
3 20 10 10 99
2 14 42 11 12
10 39 27 25 88
6 46 34 3 63
24 41 46 33 30
24 32 25 23 6
3 35 30 6 48
12 25 45 18 16
22 20 25 9 80
4 17 14 3 48
1 33 32 27 14
19 23 40 5 96
14 26 16 26 53
0 38 25 21 6
2 44 36 9 29
19 21 27 3 48
21 46 39 1 80
7 34 40 23 75
42 25 42 14 74
19 25 28 0 71
2 43 31 42 34
10 34 34 5 1
21 49 39 31 85
43 42 44 33 32
19 22 49 22 75
28 42 29 6 61
30 35 37 10 29
15 44 24 35 65
20 48 35 23 11
35 23 48 5 91
0 49 7 18 28
27 43 39 23 51
39 40 39 8 98
10 30 40 29 54
8 41 41 0 57
38 41 41 18 1
23 31 25 23 3
8 28 29 13 78
23 36 23 33 85
5 37 41 30 35
18 14 28 4 32
36 39 41 5 80
27 7 32 0 20
18 46 28 8 78
3 39 5 30 25
22 36 46 30 32
46 48 49 47 58
42 21 46 11 92
25 28 27 18 19
20 40 47 3 31
11 35 28 28 91
15 28 25 20 18
23 40 47 7 87
3 32 41 3 31
7 6 18 5 67
16 25 47 22 24
16 13 42 8 9
10 41 41 3 82
25 40 33 7 86
7 48 47 16 86
24 47 43 24 23
22 44 34 5 89
14 48 45 36 65
9 40 41 2 12
9 45 38 21 63
3 49 25 24 89
5 12 21 3 0
21 25 27 3 98
36 24 42 17 46
13 24 47 16 98
32 1 43 1 92
25 39 48 8 59
5 21 20 18 96
27 49 47 44 13
0 49 13 35 95
3 29 38 2 11
33 40 46 8 98
7 10 12 4 77
9 22 46 13 96
4 36 27 9 33
0 15 40 14 35
7 23 15 0 95
30 38 33 30 34
9 31 33 15 62
13 37 13 3 76
24 37 35 17 80
5 43 18 22 67
4 31 6 26 94
3 45 38 32 10
11 49 21 25 93
0 8 47 1 50
20 42 31 21 11
13 43 17 23 69
2 32 12 1 17
1 40 16 27 5
30 41 33 3 86
17 34 43 19 85
18 43 26 14 96
17 47 29 7 69
20 14 32 11 17
23 42 42 32 13
35 20 40 0 100
25 11 40 2 76
7 41 22 23 18
13 39 43 8 4
0 49 49 0 30
16 33 17 24 46
14 35 18 24 3
9 39 31 35 39
8 35 23 23 1
16 45 41 43 41
14 24 31 10 100
28 11 48 5 3
38 14 41 8 98
38 43 41 42 86
17 49 47 3 36
0 45 13 0 74
13 31 40 25 75
14 13 34 5 36
11 47 40 24 56
15 0 27 0 66
33 37 41 12 97
17 16 20 16 31
1 48 15 38 57
13 31 49 22 96
20 49 21 48 74
6 34 7 34 16
6 48 23 16 83
24 30 42 4 1
0 41 13 38 64
9 36 20 0 42
1 48 46 9 80
1 49 26 15 50
24 27 43 8 66
6 43 7 29 32
8 40 15 22 21
0 45 30 30 45
37 37 40 22 17
5 12 31 2 7
17 48 47 20 7
36 13 49 13 24
25 38 41 8 53
5 34 18 9 20
15 45 20 21 100
6 30 25 1 21
35 17 48 6 80
21 7 30 1 64
17 35 44 1 8
0 29 15 4 21
19 44 46 24 50
13 14 25 8 11
27 29 44 17 68
4 24 5 10 43
1 48 44 16 97
15 24 38 14 56
12 20 32 14 62
38 44 41 42 42
4 46 39 21 8
26 44 40 15 85
6 49 40 12 38
15 42 24 22 89
28 15 43 10 12
18 46 46 15 72
35 41 36 4 28
21 12 32 0 24
18 15 49 11 60
29 41 30 1 99
17 44 22 32 23
40 41 42 35 14
21 22 43 9 50
32 49 35 4 25
22 22 39 15 85
8 47 36 23 57
27 38 33 34 35
2 44 37 8 100
11 12 23 11 82
13 40 27 30 27
15 19 29 11 48
33 43 35 34 62
17 21 43 8 55
22 21 47 10 72
28 44 30 40 59
31 31 32 9 95
33 35 37 23 41
23 6 25 0 91
4 48 41 43 85
9 31 37 25 75
8 16 28 2 20
24 4 42 3 30
14 41 27 15 38
9 36 23 12 69
21 36 25 30 38
26 26 42 21 91
6 15 49 10 46
5 32 9 4 73
0 23 13 7 65
16 33 47 29 11
25 38 26 19 75
5 33 43 10 41
11 44 39 5 13
38 4 39 4 61
25 8 39 4 57
25 6 27 4 68
18 24 33 0 100
29 28 40 11 3
34 32 35 1 64
35 47 48 42 4
16 42 45 26 64
0 49 43 27 79
41 18 44 5 99
0 43 14 3 30
15 43 48 3 23
40 41 43 7 42
13 46 16 14 59
26 29 44 6 9
4 26 49 2 22
0 47 3 8 53
24 49 36 29 82
11 24 27 7 75
40 48 47 25 18
35 43 38 14 4
23 15 35 3 87
16 49 45 24 75
38 38 46 33 55
42 44 47 41 50
24 24 45 4 63
19 39 44 2 77
28 43 39 38 49
11 39 25 7 57
16 37 38 23 6
20 9 32 1 40
0 49 49 0 9
4 32 31 8 25
16 15 24 5 45
1 45 47 19 85
8 43 15 9 88
25 31 30 27 96
18 18 49 7 90
39 31 44 20 13
0 40 35 28 42
15 49 43 10 36
16 47 41 5 26
20 23 29 7 5
19 39 26 3 88
6 18 44 0 37
6 45 28 0 4
16 38 16 35 8
8 47 24 20 10
28 37 31 4 85
6 42 27 38 42
12 48 22 24 75
47 35 49 3 84
7 39 34 27 19
36 43 43 20 31
6 32 38 20 51
4 15 28 6 72
9 42 26 17 69
2 40 19 32 85
26 11 30 6 87
31 39 37 29 83
39 32 49 24 94
22 45 30 10 27
6 31 37 2 33
10 48 31 9 54
6 30 30 15 100
25 16 37 15 8
10 47 30 31 26
16 45 16 44 20
26 20 31 5 93
7 39 25 37 44
7 32 29 31 39
27 49 36 10 28
42 39 45 19 7
11 49 14 39 41
11 43 44 29 10
0 34 14 28 63
9 41 41 20 92
38 34 40 33 63
3 49 46 25 93
3 44 24 31 10
5 17 9 2 7
16 27 23 10 61
6 32 18 9 96
4 31 13 16 24
7 28 21 0 84
35 21 40 1 61
16 32 44 15 86
6 29 34 15 3
47 19 48 3 56
31 24 36 14 36
28 37 36 21 45
3 18 18 12 60
28 20 44 5 55
14 41 40 13 10
13 47 44 37 23
16 32 19 28 18
6 44 8 4 72
1 39 18 4 52
8 24 37 19 36
0 9 36 6 73
14 25 34 12 69
36 40 38 39 40
4 15 32 8 58
10 31 47 10 16
8 42 44 29 24
19 12 21 8 53
9 38 19 5 75
18 2 48 1 99
11 34 33 15 67
29 25 43 22 18
34 31 36 9 51
1 13 29 0 46
0 28 45 7 23
14 41 40 39 56
13 23 36 13 41
15 3 48 1 33
9 46 38 15 1
32 49 34 28 13
15 33 17 26 93
25 30 38 5 43
15 29 22 23 70
9 37 13 4 44
39 44 48 28 15
1 26 8 16 10
26 49 32 38 89
18 30 20 19 31
8 4 43 3 55
17 22 35 4 33
5 24 15 19 21
22 25 27 6 52
6 36 15 9 90
22 42 37 18 77
3 21 39 14 81
18 12 43 0 57
11 29 23 24 49
2 19 34 15 37
7 33 18 27 10
10 6 21 0 82
3 32 47 13 84
32 39 37 11 43
15 42 26 41 2
27 29 49 24 81
13 46 22 18 37
17 18 31 0 83
0 42 20 30 78
0 44 27 1 77
7 42 22 41 29
11 47 21 1 41
17 40 21 12 22
0 0 0 0 16
0 49 0 49 43
49 0 49 0 65
49 49 49 49 13
49 49 49 0 78
